0 0 0 0 0 0 0 0 0 0 0 0 0 0 0 0 0 0 0 0 0 0 0 0 0 0 0 0 0 0 0 0 0
0 0 0 0 0 0 0 0 0 0 0 0 0 0 0 0 0 0 0 0 0 0 0 0 0 0 0 0 0 0 0 0 0
0 0 0 0 0 0 0 0 0 0 0 0 0 0 0 0 0 0 0 0 0 0 0 0 2.3 10.3 6.2 5.5
0 0 0 0 0 0 0 0 0 0 0 0 0 0 0 0 0 0 0 13 8.1 3.9 6.6 0 3 10.9 13
13.2 13.6 4.9 0 0 0 9 14.2 14.2 14.7 13.7 12.2 12.6 2.1 8.3 2.9 5.3
10.1 13.1 8.3 7.5 15.3 15.1 14.9 11.6 6.5 0 6.2 3.5 1 2 0 0 0.7 1.2
3.1 3.1 1.4 8.9 0 6.9 0 11.3 4.6 6.8 4 8.5 3.2 5.7 14.3 3.3 3.3 2.5
6 13.6 13.3 14.3 1.7 10.6 12.8 5.6 0.9 12.6 12.4 11.2 13.1 6.6 0.4
0 5.5 5.4 11.1 6.5 2.5 3 0 0.6 8.5 11.9 11.2 5.9 11.1 7.9 11 10.4
10.9 14.9 14.5 6.3 12.2 2.7 5.8 12.6 3.9 2.8 5.2 6.5 5.3 5.9 8.5 7.3
7.4 1.1 0 5.6 13.3 12.8 6.2 0 2.9 6.6 0 9.3 11.8 8.3 10.3 11 3.8 4
4.3 10.9 2.9 3.9 2.5 0.3 1.2 8.1 2.9 1.6 6.2 0 0.2 0 2.1 0.2 1.5 4.2
3.8 3.5 0 9.9 0.5 2.6 1.1 9 0 0 0 0 0.8 4.3 0 0 0 2.2 4.5 3.8 9.5 1.1
7.9 3.9 7.6 0 7.7 7.5 6.3 1.2 5.5 0 0 1.9 6.9 0 0 0 0 0 5.7 0 0 0 3.1
2.2 0 0 0 0 0 0 0 0 0 0 0 0 0 0 0 0 0 0 0 0 0 0 0 0 0 0 0 0 0 0 0 0 0
0 0 0 0 0 0 0 0 0 0 0 0 0 0 0 0 0 0 0 0 0 0 0 0 0 0 0 0
