0 0 0 0 0 0 0 0 0 0 0 0 0 0 0 0 0 0 0 0 0 0 0 0 0 0 0 0 0 0 0 0 0 0 0 0 0 0 0
0 0 0 0 0 0 0 0 0 0 0 0 0 0 0 0 0 0 0 0 0 0 0 0 0 0 0 0 0 0 0 0 0 0 0 0.8 0.4
0 0 0 0 0 0 4.7 7 0 0 0 0 0 0 0 12.3 10.4 11.7 0 9.4 0 0 0 0 0 6.3 2.1 6.7 7 10.2
10 11.4 10.3 0 0 0 0 0 4.4 11.7 0 8.4 8.5 6.6 11.7 9.7 5 2.5 7.1 2.3 0 0 0 0 0
0 11.8 1.6 0 8.4 0 0 12.7 11 5.7 4.7 0.4 5.4 9.6 12.7 13.9 15 14.2 0 4.3 0 2.8
7.9 6.7 2.5 0 0 9.5 6.6 1.2 0 0 11.7 10.2 7.9 11.5 0.4 14.1 11.1 16 11.9 7.2 15.7
9.8 8.7 14.8 15.7 15 13.8 10.9 0.1 3.2 9.2 12 0 1.1 2.1 0.1 3 14.3 14.8 14.9 13.7
12 11 9.1 7.3 6.4 4.7 4.3 0 3 0.2 4.6 4 2.1 6.8 7.9 6.8 6.9 9.4 8.5 10.1 0 6.4
5.6 3.9 5.1 11.1 0.5 0 1.3 8.4 0.6 1.2 4 10.9 6.6 13.7 12.4 8.4 11.5 11.1 0 6.5
0.2 5.6 11.3 10 12.8 12 12.8 12.3 8.4 0.9 12.4 12.4 12.5 11.9 11.7 11.7 7.4 0 0.2
6.6 6.9 7 0 8.1 11.7 6.8 5 0.7 11.3 11.2 10.3 10.5 3.6 7.4 0.8 0 3.4 1.7 0 0 5.4
9.5 10 9.4 8.9 9.2 7.5 9.8 9.7 9.2 9.6 8.6 0 0 0 0 5.7 0 0.2 2.2 0 0 3.3 7.7 8.9
8.6 8.2 0 0 0 2.7 0 0 0 0 0 0 0 0 0 0 0 0 0 0 0 0 0 0 0 0 0 0 0 0 0 0 0 0 0 0 0
0 0 0 0 0 0 0 0 0 0 0 0 0 0 0 0 0 0 0 0 0 0 0 0 0 0 0
