0 0 0 0 0 0 0 0 0 0 0 0 0 0 0 0 0 0 0 0 0 0 0 0 0 0 0 0 0 0 0
0 5.9 8.3 0 0 0 0 0 0 0 0 0 0 0 0 0 0 0 0 0 0 0 0 0 0 0 0 0 0 0 0 0 0 0 0 0 0 0 9.7
0 0 0 0 0 0 7.2 0 0 0 0 0 0 0 0 0 0 11.2 9.1 2.8 11.2 11 0 0 0 0 0 0 0 0
0 0 0 0 0 0 0 0 5 0 6.7 13.3 3.3 0 0.2 3.2 0 0 0 0 2.7 1 5.8 0 0 4.5 0 8.1
12.7 11.7 5.2 5.6 7.9 6.7 4.3 10.4 13.7 14.7 0 8.6 10.9 12.9 7.7 2.4 1.4 0
6.1 0 6.7 11.3 6.1 10.3 13.3 10.4 8.9 7.7 3.9 0 0 0.4 1.7 4.6 1.3 0.2 3
4.8 6.2 11.1 14.4 6.4 6 4.3 9.9 6.3 9 10.3 10.1 7.4 8.3 5 1.4 0 2 1.9 0.3
12.2 5.7 4.5 12.9 14.5 11.5 8.2 6.9 7.8 0 1.4 6.4 0.9 0.6 0 2.9 11.7 0.9
1.6 2 2.9 0.4 8.6 14.3 11.3 11.5 7.1 7.6 0.7 13.4 8.8 0.1 7.5 4.3 2.9 3.7
4.7 9.1 0 0 1.2 10.4 6.1 6.3 12.2 12.3 12.9 11.8 9.2 10.7 9 9.3 10.6 10.8
10.5 8.5 8.6 6.7 7.8 11.8 10.4 10.6 6.7 10.6 4.8 10.4 10.9 9 7.2 12.1 10.2
3.7 8.8 1.5 1.9 3.3 4.3 0.3 2.6 0 0 0 9.4 0 0 0 0.7 6.6 9.3 8.9 6.2 4.3 0
0 0 0 0 0 0 0 0 0 0 1.2 0 0 0 0 0 0 0.9 0 0 0 0 0 0 0 0 0 0 0 0 0 0 0 0 0
0 0 0 0 0 0 0 0 0 0 0 0 0 0 0 0 0 0 0 0 0 0 0 0 0 0 0 0 0 0 0 0 0 0 0 0 0
0 0 0 0 0 0 0 0 0 0 0 0 0 0 0
