0 0 0 0 0 0 0 0 0 0 0 0 0 0 0 0 0 0 0 0 0 0 0 0 0 0 0 0 0 0 0 0 0 0 0 0 0
0 0 0 0 0 0 0 0 0 0 0 0 0 0 0 0 0 0 0 0 0 0 0 0 0 0 0 0 0 0 0 0 0 0 0 0 0
0 0 0 0 0 0 0 0 11.5 7.9 0 1.8 0 9.6 8.1 0 9.7 0 0 0 0 0 0 0 0 0 0 0 11.7
12.4 12.4 12.5 12.7 0 0 11.8 11.7 12.8 12.4 8.6 8.6 0.1 7.3 4.7 2.9 4.5 7.3
9.5 3.1 13.5 12.4 7.7 9.4 11.6 0.5 4.9 10.6 4.1 3.1 4.6 0 5.3 6.7 7.3 1.7
5.5 5.9 8.1 1.1 13.1 14.3 5.6 10.3 9.9 15.4 15.4 7.8 14.3 14.4 12.5 13.6 10.9
11.4 13.6 13.2 11.2 13.6 9.3 12.4 12.5 8.8 8.9 10.3 13.3 3.6 1.8 5.3 2.8 10.8
5.7 10.9 2.7 3.8 13.9 15.2 5.2 11.6 2.3 6.1 8.1 1.3 0.4 0.1 3.6 4.5 3.1 6.2
13.4 4.2 6.4 15.7 13.3 13.2 4 6.5 13.4 13.3 8.5 12.6 8.9 6.6 4.2 2.2 7.6 5
7.5 12.6 4.6 10.4 5 8.1 12.8 12.8 12.1 13.9 13.8 13.9 14.2 14.4 10.5 13 4.6
9.9 9.4 13.3 6 3.6 10.1 9.3 9.4 4.3 6.8 11.9 7.2 2.6 2.7 2.3 4.6 7.8 3.8 10.8
2.7 0.8 11.7 11.2 5.7 9.7 2 3.5 0 1.3 3.5 6.1 10.8 8.2 6.9 10.7 11.4 11.3 11.6
11.1 2.8 9.6 11.4 11.3 3.1 6.5 2.4 0 9.6 1.7 2.4 3.1 0 0 0 0 0 0 0 0 0 0 0
0 0 0 0 0 0 0 0 0 0 0 0 0 0 0 0 0 0 0 0 0 0 0 0 0 0 0 0 0 0 0 0 0 0 0 0 0 0
0 0 0 0 0 0 0 0 0 0 0 0 0 0 0 0 0 0 0 0 0 0 0 0 0 0 0 0 0 0 0 0 0 0 0 0 0 0 0
