0 0 0 0 0 0 0 0 0 0 0 0 0 0 0 0 0 0 0 0 0 0 0 0 0 0 0 0 0 0 0 0 0 0 0 0.1 0
0 0 0 0 0 0 0 0 0 0 0 0 0 0 0 0 0 0 0 0 0 0 0 0 0 0 0 0 0 0 0 0 0 0 0 0 0 0
0 9.9 7 1.3 0 0 0 0 0 0 0 0 0 0 0 12 10.6 0 6.5 2.5 0 0 0 0 0 0 0 0 0 13.2 13.1
12.5 11 8.4 0.5 4.5 3.2 10.4 0 0 10.2 0 2 13.9 11.6 12.5 7.2 0 3.9 5.2 8.2 3.9
2.3 0 0 4.4 4.7 0 0 6.6 0 9.6 0.4 8 8.4 8.1 0 0 0 0 1.6 0 0 11.6 15.2 14.8 8.7
7.9 0 12.8 4.2 1.1 12.1 8.2 9.4 2.9 4.6 4 9.1 6.2 6.6 5.5 9.6 1 2.6 4.9 11.7
11.6 7.7 4.9 5.2 5.4 6.3 0.2 8.6 8.1 4.5 5.8 9.3 7 7.5 6 11.4 13.7 4 3.6 3.9 9.6
1 0.8 4.2 2.5 1.1 7.5 10.4 7 9.6 5 3.3 10.3 6.5 6.4 4.1 6.7 11.2 14.8 14.4 11.5
9.7 8.3 8.5 12.2 11.9 13.9 12.4 12.6 12.9 13.7 7.3 11.5 4.9 5.2 12 7.5 5.1 6.3
6.2 4.2 5.8 10.1 7.1 2.7 2.9 3 1.9 2.1 3.2 0.7 3.8 6.7 12.2 12.4 12.4 12.8 12.4
10.7 11.6 12.6 12.5 4.5 5.1 4 5.2 7.8 8.1 11.6 11.7 4.7 2.4 1.5 3.2 0 0 3.9 0
0.2 0.8 1 3.5 0.8 3.7 8.7 5.3 9.5 1.9 8.1 0 0 0 0 0 0 0 0 0 0 0 0 0 6.5 9.3 1.3
5.4 3.7 0 0 0 0 0 0 0 0 0 0 0 0 0 0 0 0 0 0 0 0 0 0 0 0 0 0 0 0 0 0 0 0 0 0 0 0
0 0 0 0 0 0 0 0 0 0 0 0 0 0 0 0 0 0 0 0 0 0 0 0 0 0 0 0 0 0
